00000000000000000000001010110111
00000000000000000000001100110111
00000000000000000000001110110111
00100000000000101010111000000011
01100000000000110010111010000011
10100000000000111010111100000011
00000000000000000000000100010011
00000000000000000000001010010011
00000000000000000000001100010011
00000000001000110001001110010011
00000000011111100000010000110011
00000000000001000010000000000111
00000001110100111000010000110011
00000000000001000010000000000111
00000000001000000000000011010011
00000001111000111000010000110011
00000000001001000100000000100111
00000000000100101000001010010011
00000000010000110000001100010011
00010000000000000000011000010011
00000000110000101100110001100011
00000000000000000000011010010011